L|1910,1910,1910|81,81,81|16
L|1999,2000|265,273|-1
I|1911|0,16
L|1997,1998|253,55|1
L|1912,1912,1912|15,15,15|17
I|1999|3,1
I|1912|2,18
L|1914,1914,1914|371,371,371|19
L|1916,1916,1916|14,14,14|20
I|1915|7,19
L|1918,1918,1918|269,269,269|23
L|1920,1920,1920|171,171,171|25
I|1919|10,23
I|1920|12,24
I|1914|6,22
L|1922,1922,1922|176,176,176|26
L|1911,1911,1911|212,212,212|4
L|1913,1913,1913|1,1,1|7
I|1913|4,17
L|1915,1915,1915|49,49,49|8
L|1917,1917,1917|145,145,145|10
I|1917|8,20
I|1916|9,21
L|1919,1919,1919|207,207,207|11
I|1921|11,25
L|1921,1921,1921|94,94,94|15
L|1923,1923,1923|3,3,3|3
I|1923|15,26
I|1997|27,5
I|1922|13,28
I|1918|14,29
